Year,Day,DOY,Rain_E,Rain_T,H10T,H45T,H65T,H100T,H10E,H45E,H65E,H100E
1999,1,1,0.15236,0.13692,,,,,,,,
1999,2,2,4.643982415,4.336076535,,,,,,,,
1999,3,3,5.694067381,5.344831149,,,,,,,,
1999,4,4,3.183124966,2.925634614,,,,,,,,
1999,5,5,0,0,,,,,,,,
1999,6,6,0,0,,,,,,,,
1999,7,7,6.25371991,5.793532304,,,,,,,,
1999,8,8,4.399007381,4.181011149,,,,,,,,
1999,9,9,4.070892438,3.777673459,,,,,,,,
1999,10,10,0,0,,,,,,,,
1999,11,11,0,0,,,,,,,,
1999,12,12,0,0,,,,,,,,
1999,13,13,8.095477359,7.546274225,,,,,,,,
1999,14,14,1.487249977,1.379923076,,,,,,,,
1999,15,15,1.533557494,1.388995769,,,,,,,,
1999,16,16,13.03122469,12.29641153,,,,,,,,
1999,17,17,3.769652393,3.435373459,,,,,,,,
1999,18,18,0.15236,0.13692,,,,,,,,
1999,19,19,0,0,,,,,,,,
1999,20,20,0,0,,,,,,,,
1999,21,21,0.314677494,0.293635769,,,,,,,,
1999,22,22,0,0,,,,,,,,
1999,23,23,0,0,,,,,,,,
1999,24,24,1.106349977,1.037623076,,,,,,,,
1999,25,25,9.532939864,8.827218456,,,,,,,,
1999,26,26,7.402897449,6.750321921,,,,,,,,
1999,27,27,10.1588149,9.324583842,,,,,,,,
1999,28,28,12.56118962,12.02587229,,,,,,,,
1999,29,29,0.22854,0.20538,,,,,,,,
1999,30,30,0,0,,,,,,,,
1999,31,31,0,0,,,,,,,,
1999,32,32,0.573089977,0.558403076,,,,,,,,
1999,33,33,0.238497494,0.225175769,,,,,,,,
1999,34,34,0,0,,,,,,,,
1999,35,35,0.467037494,0.430555769,,,,,,,,
1999,36,36,5.896214853,5.580729994,,,,,,,,
1999,37,37,7.972989842,7.468741532,,,,,,,,
1999,38,38,5.26337991,4.903552304,,,,,,,,
1999,39,39,1.868149977,1.722223076,,,,,,,,
1999,40,40,0.22854,0.20538,,,,,,,,
1999,41,41,0,0,,,,,,,,
1999,42,42,0.83798,0.75306,,,,,,,,
1999,43,43,0.476994989,0.450351538,,,,,,,,
1999,44,44,0,0,,,,,,,,
1999,45,45,0.705534989,0.655731538,,,,,,,,
1999,46,46,0.553174989,0.518811538,,,,,,,,
1999,47,47,5.143889977,4.666003076,,,,,,,,
1999,48,48,3.143294989,2.846451538,,,,,,,,
1999,49,49,4.150552393,3.936039611,,,,,,,,
1999,50,50,17.15838214,16.10295345,,,,,,,,
1999,51,51,6.638099864,6.225738456,,,,,,,,
1999,52,52,7.727532438,7.063753459,,,,,,,,
1999,53,53,2.000594989,1.819551538,,,,,,,,
1999,54,54,0.3809,0.3423,,,,,,,,
1999,55,55,0.781714989,0.724191538,,,,,,,,
1999,56,56,0.07618,0.06846,,,,,,,,
1999,57,57,0,0,,,,,,,,
1999,58,58,2.58364246,2.397750383,,,,,,,,
1999,59,59,0.15236,0.13692,,,,,,,,
1999,60,60,22.07865919,21.40325073,,,,,,,,
1999,61,61,5.63780237,5.315962687,,,,,,,,
1999,62,62,6.306987336,5.982417301,,,,,,,,
1999,63,63,1.305017494,1.183615769,,,,,,,,
1999,64,64,5.647759864,5.335758456,,,,,,,,
1999,65,65,2.325229977,2.132983076,,,,,,,,
1999,66,66,4.236689887,4.02429538,,,,,,,,
1999,67,67,4.981572483,4.509287307,,,,,,,,
1999,68,68,0.07618,0.06846,,,,,,,,
1999,69,69,0.07618,0.06846,,,,,,,,
1999,70,70,0.15236,0.13692,,,,,,,,
1999,71,71,0,0,,,,,,,,
1999,72,72,0,0,,,,,,,,
1999,73,73,0,0,,,,,,,,
1999,74,74,0,0,,,,,,,,
1999,75,75,0,0,,,,,,,,
1999,76,76,0,0,,,,,,,,
1999,77,77,3.477887472,3.179678845,,,,,,,,
1999,78,78,0,0,,,,,,,,
1999,79,79,0,0,,,,,,,,
1999,80,80,11.02714975,10.38695384,,,,,,,,
1999,81,81,7.6886672,7.484415756,,,,,,,,
1999,82,82,3.299134943,3.07327769,,,,,,,,
1999,83,83,0,0,,,,,,,,
1999,84,84,0.553174989,0.518811538,,,,,,,,
1999,85,85,0.30472,0.27384,,,,,,,,
1999,86,86,0,0,,,,,,,,
1999,87,87,0,0,,,,,,,,
1999,88,88,0,0,,,,,,,,
1999,89,89,0,0,,,,,,,,
1999,90,90,0,0,0.304348348,0.383405833,,,0.383951088,0.388359983,,
1999,91,91,0,0,0.308931971,0.384708603,,,0.387499177,0.396719998,,
1999,92,92,0.22854,0.20538,0.300731556,0.385031899,,,0.377739869,0.404394526,,
1999,93,93,2.222657449,2.095041921,0.311757378,0.385029001,,,0.39121549,0.440326926,,
1999,94,94,0.771757494,0.704395769,0.31370538,0.385015304,,,0.395701868,0.453279633,,
1999,95,95,0.476994989,0.450351538,0.315187076,0.384900817,,,0.39594306,0.453825205,,
1999,96,96,0.15236,0.13692,0.315699503,0.384723824,,,0.395384107,0.453750525,,
1999,97,97,2.05686,1.84842,0.315537238,0.38451231,,,0.395473528,0.45354378,,
1999,98,98,0.238497494,0.225175769,,,,,,,,
1999,99,99,0.07618,0.06846,,,,,,,,
1999,100,100,1.010254989,0.929571538,,,,,,,,
1999,101,101,0.086137494,0.088255769,,,,,,,,
1999,102,102,14.85006957,14.16957844,,,,,,,,
1999,103,103,7.731012393,7.153659611,,,,,,,,
1999,104,104,5.259242037,4.990920276,,,,,,,,
1999,105,105,9.702394792,9.353740157,,,,,,,,
1999,106,106,0.453382934,0.123031496,,,,,,,,
1999,107,107,0.816089282,0.492125984,,,,,,,,
1999,108,108,2.357591258,1.956791339,,,,,,,,
1999,109,109,0.362706347,0,,,,,,,,
1999,110,110,6.166007905,4.429133858,,,,,,,,
1999,111,111,4.805859103,2.937598425,0.3291022,0.383136178,,,0.412303356,0.453836918,,
1999,112,112,4.352476168,3.44488189,,,,,,,,
1999,113,113,0.090676587,0,,,,,,,,
1999,114,114,3.4457103,1.722440945,,,,,,,,
1999,115,115,0.090676587,0,,,,,,,,
1999,116,116,1.450825389,1.6,,,,,,,,
1999,117,117,0,0,,,,,,,,
1999,118,118,0,0,0.326963217,0.383156181,,,0.406580676,0.450978866,,
1999,119,119,0,0,0.324475104,0.382924599,,,0.406155486,0.450607378,,
1999,120,120,0,0,0.321657419,0.382725381,,,0.404332355,0.450034025,,
1999,121,121,0,0,0.319745668,0.382582996,,,0.402008107,0.44943677,,
1999,122,122,0,0,0.31825279,0.382497904,,,0.400169046,0.448981454,,
1999,123,123,0,0,0.316233848,0.382420595,,,0.395980156,0.448469885,,
1999,124,124,0,0,0.312923625,0.382137093,,,0.391774446,0.447824977,,
1999,125,125,0,0,0.310327917,0.382010931,,,0.389526084,0.447295645,,
1999,126,126,0,0,0.307789504,0.382084839,,,0.387630351,0.446715242,,
1999,127,127,7.423959544,6.449446358,0.307616048,0.382475321,,,0.389600161,0.446247135,,
1999,128,128,0,0,0.315071552,0.385050166,,,0.396682,0.44585328,,
1999,129,129,0,0,0.311909493,0.385101404,,,0.392658259,0.445482273,,
1999,130,130,8.935235992,8.048855807,0.316821291,0.384975926,,,0.402672235,0.445266534,,
1999,131,131,0.3,0.123031496,0.318931508,0.384969023,,,0.400943439,0.445149845,,
1999,132,132,0,0,0.317830349,0.385016587,,,0.398654347,0.445028589,,
1999,133,133,0,0,0.316048093,0.384975438,,,0.397044955,0.445115604,,
1999,134,134,0.116252034,0.123031496,0.315253541,0.384899024,,,0.394085857,0.445215273,,
1999,135,135,0,0,0.314162899,0.384888295,,,0.391214143,0.445550876,,
1999,136,136,0,0,0.312242556,0.384538655,,,0.389123533,0.445964251,,
1999,137,137,0,0,0.309055879,0.384114013,,,0.385654577,0.446203212,,
1999,138,138,9.648558475,9.030684055,0.312285295,0.384343303,,,0.394850209,0.446529319,,
1999,139,139,1.230016275,0.492125984,0.318370271,0.384867652,,,0.399428361,0.447000156,,
1999,140,140,4.0842711,3.653850886,0.321901369,0.384582087,,,0.40766946,0.44708941,,
1999,141,141,0,0,0.32009501,0.384621341,,,0.400852843,0.447145069,,
1999,142,142,0,0,0.317321006,0.384746733,,,0.397490067,0.447045058,,
1999,143,143,0,0,0.315479779,0.384862099,,,0.39391928,0.447217378,,
1999,144,144,0,0,0.314270948,0.384827235,,,0.390515058,0.447345715,,
1999,145,145,0,0,0.312112779,0.384421821,,,0.387952461,0.447313599,,
1999,146,146,0,0,0.308377657,0.383973631,,,0.383924757,0.447249718,,
1999,147,147,0,0,0.30174087,0.38360062,,,0.377305508,0.447257207,,
1999,148,148,0,0,0.291536082,0.383216192,,,0.370077909,0.447065392,,
1999,149,149,0,0,0.281517337,0.382436539,,,0.359501165,0.446930146,,
1999,150,150,0.386677517,0.141461614,0.284670813,0.383184023,,,0.366451311,0.446730279,,
1999,151,151,0,0,0.288628672,0.385296077,,,0.369929976,0.446605437,,
1999,152,152,0,0,0.282422058,0.3828413,,,0.362286987,0.44658613,,
1999,153,153,1.860032551,1.722440945,0.275825926,0.382358075,,,0.354896776,0.446415597,,
1999,154,154,2.70688212,2.680757874,0.275670421,0.382267512,,,0.356694689,0.44631216,,
1999,155,155,7.353522437,8.430314961,0.288164617,0.382515319,,,0.374248342,0.446400013,,
1999,156,156,17.78384097,19.48795522,0.307787649,0.386035474,,,0.39836212,0.446697973,,
1999,157,157,1.304394327,0.725246063,0.30858637,0.387169374,,,0.395599177,0.447029358,,
1999,158,158,0.70688212,0.623265256,0.307193345,0.387627452,,,0.391752346,0.447142329,,
1999,159,159,0,0,0.306762248,0.387897937,,,0.391279816,0.447226072,,
1999,160,160,5.623575913,5.798425197,0.30833472,0.387986594,,,0.393930258,0.447313691,,
1999,161,161,0,0,0.311297049,0.387749371,,,0.397044543,0.447406001,,
1999,162,162,0,0,0.308724428,0.387804035,,,0.393114391,0.447417524,,
1999,163,163,0,0,0.307423982,0.387765809,,,0.389062033,0.447506242,,
1999,164,164,0.116252034,0,0.303779471,0.387638288,,,0.384294899,0.447516089,,
1999,165,165,0,0,0.296953172,0.387363336,,,0.37972537,0.447506937,,
1999,166,166,0,0,0.28776039,0.387028857,,,0.372937317,0.447431927,,
1999,167,167,0,0,0.27851594,0.386490053,,,0.365366527,0.447363762,,
1999,168,168,0,0,0.269603487,0.384504313,,,0.357283315,0.447305798,,
1999,169,169,0,0,0.261728925,0.383822052,,,0.350331907,0.447303212,,
1999,170,170,0,0,0.253849129,0.383481681,,,0.34273291,0.447394225,,
1999,171,171,4.157102999,3.265243602,0.253435268,0.383199815,,,0.339742927,0.447377582,,
1999,172,172,0.465008138,0.369094488,0.258273206,0.382924493,,,0.342444007,0.447452237,,
1999,173,173,0,0,0.254078083,0.382162482,,,0.33936,0.434043885,,
1999,174,174,0,0,0.249565571,0.381037617,,,0.334907322,0.404195105,,
1999,175,175,0,0,0.243801122,0.379553465,,,0.327743547,0.400996003,,
1999,176,176,0,0,0.236182509,0.377527744,,,0.318660826,0.399516904,,
1999,177,177,4.690630086,2.214566929,0.230826498,0.374361558,,,0.309155218,0.398247147,,
1999,178,178,4.607254127,3.567913386,0.248442061,0.375388851,,,0.315470252,0.395814671,,
1999,179,179,0.813764241,0.246062992,0.261357407,0.374143166,,,0.321242205,0.392555915,,
1999,180,180,9.340199953,9.162795276,0.276792681,0.373734081,,,0.345359574,0.391877945,,
1999,181,181,2.617647059,2.629035433,0.292909358,0.37303366,,,0.366787738,0.391760802,,
1999,182,182,0,0,0.285214358,0.369572185,,,0.361588083,0.392245789,,
1999,183,183,0,0,0.274555358,0.367162726,,,0.35134838,0.392935566,,
1999,184,184,0,0,0.260296816,0.364509419,,,0.338519117,0.392867962,,
1999,185,185,31.2483841,27.66076526,0.259156254,0.366802135,,,0.342968976,0.401921376,,
1999,186,186,7.098372472,7.798068406,0.295051917,0.388629764,,,0.382935176,0.443245407,,
1999,187,187,0.465008138,0.492125984,0.29332185,0.390032738,,,0.376525956,0.443922033,,
1999,188,188,8.558009765,9.161085138,0.298696281,0.390712369,,,0.385770468,0.44396999,,
1999,189,189,0,0,0.300501443,0.391387787,,,0.383493638,0.443979891,,
1999,190,190,0,0,0.294916028,0.391707411,,,0.376974148,0.443788896,,
1999,191,191,0,0,0.284322761,0.391518171,,,0.367834542,0.443858465,,
1999,192,192,0,0,0.272414502,0.391233014,,,0.357991654,0.443672439,,
1999,193,193,0,0,0.259833492,0.390579405,,,0.347043942,0.443130349,,
1999,194,194,0,0,0.252233641,0.380572303,,,0.340987501,0.442876328,,
1999,195,195,0,0,0.248529653,0.375129746,,,0.336720201,0.442877456,,
1999,196,196,0.661241572,0.089037894,0.247380808,0.373479623,,,0.333433348,0.425971252,,
1999,197,197,0,0,,0.371015702,,,0.328003272,0.443441627,,
1999,198,198,0,0,,0.368432881,,,0.320694774,0.438968372,,
1999,199,199,0,0,,0.365529937,,,0.312128519,0.412935297,,
1999,200,200,3.137433155,0.861220472,,0.362681234,,,0.304057132,0.405479418,,
1999,201,201,3.43083004,2.795730807,,0.359861874,,,0.302207799,0.403023644,,
1999,202,202,0,0,,0.356980773,,,0.307626767,0.427870418,,
1999,203,203,0.348756103,0.369094488,,0.354917335,,,0.305770135,0.419874336,,
1999,204,204,0,0,0.221380308,0.35023864,,,0.295712253,0.397956146,,
1999,205,205,0,0,0.217022283,0.34805064,,,0.289644004,0.395257769,,
1999,206,206,0,0,0.210158546,0.345490244,,,0.279811995,0.392230492,,
1999,207,207,0,0,0.203873523,0.343036294,,,0.271139678,0.389084516,,
1999,208,208,0,0,0.198872573,0.340708648,,,0.263449051,0.386774478,,
1999,209,209,0,0,0.193713508,0.338094211,,,0.254756615,0.383762026,,
1999,210,210,0,0,0.187967081,0.33543065,,,0.245497151,0.380494447,,
1999,211,211,0,0,0.182067138,0.332724254,,,0.236046314,0.377066906,,
1999,212,212,0,0,0.176584919,0.330177129,,,0.227797689,0.37334854,,
1999,213,213,0,0,0.171533089,0.327830228,,,0.220361365,0.369228623,,
1999,214,214,0,0,0.166284201,0.325344392,,,0.212590785,0.36501912,,
1999,215,215,0.116252034,0,0.161852433,0.323244373,,,0.207717194,0.360308775,,
1999,216,216,0,0,0.159250377,0.321859107,,,0.204867396,0.356355136,,
1999,217,217,0,0,0.15628298,0.320361092,,,0.201437136,0.352928035,,
1999,218,218,1.395024413,0.492125984,0.153969299,0.318845537,,,0.197727259,0.349631881,,
1999,219,219,4.968205069,3.152755906,0.233931481,0.317611359,,,0.211363389,0.36391716,,
1999,220,220,0.448756103,0,0.191251867,0.31724915,,,0.205620276,0.349418562,,
1999,221,221,1.081260172,1.157492618,0.171910999,0.316729891,,,0.200890602,0.345803591,,
1999,222,222,5.513124855,6.426181102,0.212113471,0.316269622,,,0.206149865,0.346606158,,
1999,223,223,0.317530807,0.3,0.21478756,0.316291993,,,0.215915997,0.345236524,,
1999,224,224,0,0,0.193826537,0.316147523,,,0.211400331,0.343335629,,
1999,225,225,0,0,0.175780692,0.315791414,,,0.204697153,0.341362719,,
1999,226,226,6.934317601,8.209055118,0.217648245,0.31546382,,,0.210604912,0.343075692,,
1999,227,227,3.29086259,4.298425197,0.253929428,0.315747885,,,0.23618344,0.345260804,,
1999,228,228,1.410369681,0.61515748,0.250281343,0.316323548,,,0.244757219,0.342889723,,
1999,229,229,0.17629621,0.177952756,0.245435943,0.316278647,,,0.24238552,0.340883611,,
1999,230,230,6.605824227,7.570866142,0.255230739,0.31630342,,,0.247539619,0.350170628,,
1999,231,231,0,0,0.252188296,0.316790228,,,0.263123874,0.347409324,,
1999,232,232,0,0,0.224450256,0.316693612,,,0.248436338,0.342713888,,
1999,233,233,0,0,0.204659247,0.316451947,,,0.235845232,0.340258277,,
1999,234,234,0,0,0.188487792,0.316088695,,,0.225128584,0.338158718,,
1999,235,235,0,0,0.174965773,0.315577585,,,0.214792362,0.336206509,,
1999,236,236,0,0,0.165226812,0.315140723,,,0.206681719,0.334639374,,
1999,237,237,1.695245292,3.880314961,0.166133063,0.314815558,,,0.20346624,0.333153169,,
1999,238,238,0,0,0.178852668,0.314804868,,,0.20839719,0.332316095,,
1999,239,239,0,0,0.161319628,0.314666978,,,0.201331277,0.331808515,,
1999,240,240,0,0,0.154313454,0.31408117,,,0.197087873,0.330454192,,
1999,241,241,0,0,0.1496186,0.313205575,,,0.193459614,0.328753342,,
1999,242,242,0,0,0.145863874,0.312225682,,,0.190230875,0.327065676,,
1999,243,243,0,0,0.142762822,0.31125295,,,0.187453664,0.325267606,,
1999,244,244,0,0,0.140178479,0.310294219,,,0.185083831,0.32354635,,
1999,245,245,0,0,0.137779369,0.309324318,,,0.182645833,0.321874895,,
1999,246,246,0,0,0.135185636,0.3082236,,,0.179817797,0.320146568,,
1999,247,247,0,0,0.132854485,0.307110406,,,0.177216851,0.318321588,,
1999,248,248,0,0,0.130826216,0.306184122,,,0.174737947,0.316668404,,
1999,249,249,1.04626831,1.245669291,0.128956676,0.305371438,,,0.173204609,0.315041692,,
1999,250,250,0,0,0.127889012,0.304717854,,,0.172677167,0.313100034,,
1999,251,251,0,0,0.126686327,0.304079763,,,0.171586027,0.311441566,,
1999,252,252,0,0,0.125181428,0.303329854,,,0.169731842,0.309892579,,
1999,253,253,0,0,0.123684887,0.302602257,,,0.167651439,0.308336324,,
1999,254,254,0,0,0.121836591,0.301790009,,,0.165361594,0.306954706,,
1999,255,255,0,0,0.119936536,0.300911315,,,0.163093014,0.30536923,,
1999,256,256,0,0,0.118112985,0.300156473,,,0.161404228,0.303569556,,
1999,257,257,7.004196698,5.413385827,0.1407012,0.300117002,,,0.169036932,0.306088953,,
1999,258,258,2.608788654,2.360629921,0.189651956,0.302657395,,,0.185525103,0.309994918,,
1999,259,259,0.348756103,0.44488189,0.179669567,0.302520737,,,0.182714166,0.308136305,,
1999,260,260,0.605533597,0.592125984,0.168017731,0.301998818,,,0.179744498,0.306002628,,
1999,261,261,0,0,0.156645678,0.301597631,,,0.177501278,0.304102173,,
1999,262,262,0.227075099,0.266929134,0.14480889,0.301157037,,,0.174142858,0.302455023,,
1999,263,263,0,0,0.138435599,0.300825118,,,0.172278269,0.30093446,,
1999,264,264,0.843466636,1.580708661,0.13445826,0.300414883,,,0.170992929,0.299604721,,
1999,265,265,0.694710532,0.647047244,0.133996405,0.300155973,,,0.172094891,0.29815368,,
1999,266,266,5.252464543,6.081299213,0.190304996,0.301516156,,,0.195395219,0.30144003,,
1999,267,267,0.930016275,0.978740157,0.15729501,0.302335752,,,0.185100237,0.300946319,,
1999,268,268,6.626365961,7.740944882,0.147377972,0.302028623,,,0.180789857,0.299697286,,
1999,269,269,0.2756917,0.44488189,0.172497695,0.302225275,,,0.198682636,0.29865245,,
1999,270,270,2.249139735,2.694685039,0.161592177,0.302162013,,,0.201646386,0.298381446,,
1999,271,271,4.736317136,7.02480315,0.190031701,0.30211742,,,0.218864622,0.298630009,,
1999,272,272,13.4383748,11.67480315,0.244523888,0.303835782,,,0.268236299,0.301651641,,
1999,273,273,8.826644966,9.525,0.278807168,0.317194534,,,0.30536435,0.347709879,,
1999,274,274,0.581260172,1.334645669,0.26459286,0.322116838,,,0.290655103,0.340194655,,
1999,275,275,13.07956289,15.85334646,0.280388198,0.322878728,,,0.316921349,0.352738483,,
1999,276,276,0.3,0.44488189,0.276846801,0.326634427,,,0.319529234,0.359182614,,
1999,277,277,0.997512206,1.317125984,0.268877292,0.326050786,,,0.303614419,0.34765406,,
1999,278,278,0,0,0.272495718,0.325534912,,,0.298746945,0.342115203,,
1999,279,279,0,0,0.260145047,0.324959218,,,0.29473697,0.337729838,,
1999,280,280,0,0,0.25322316,0.324335372,,,0.290086691,0.333987222,,
1999,281,281,8.668553825,8.909251969,0.248609824,0.323930007,,,0.286881921,0.331899393,,
1999,282,282,2.702638921,2.877165354,,,,,,,,
1999,283,283,0,0.266929134,,,,,,,,
1999,284,284,2.228807254,2.34980315,,,,,,,,
1999,285,285,0,0,,,,,,,,
1999,286,286,0,0,,,,,,,,
1999,287,287,0,0,,,,,,,,
1999,288,288,0,0,,,,,,,,
1999,289,289,0,0,,,,,,,,
1999,290,290,0,0,,,,,,,,
1999,291,291,0,0,,,,,,,,
1999,292,292,0,0,,,,,,,,
1999,293,293,0,0,,,,,,,,
1999,294,294,0,0,,,,,,,,
1999,295,295,2.127528482,2.224409449,,,,,,,,
1999,296,296,1.348639851,1.601574803,,,,,,,,
1999,297,297,3.280923041,3.648031496,,,,,,,,
1999,298,298,0.813764241,0.978740157,,,,,,,,
1999,299,299,1.174924436,1.601574803,,,,,,,,
1999,300,300,0,0,0.2308166,0.319218848,,,0.301982346,0.319497002,,
1999,301,301,0,0,0.228975529,0.319102503,,,0.301252379,0.318922458,,
1999,302,302,0,0,0.226013346,0.318911989,,,0.299512899,0.318093119,,
1999,303,303,2.90630086,3.559055118,0.230160976,0.318786737,,,0.297340566,0.319785366,,
1999,304,304,0,0,0.244940051,0.31871805,,,0.307799967,0.323408906,,
1999,305,305,6.897331524,8.579548678,0.233010156,0.318529832,,,0.305075636,0.320134511,,
1999,306,306,8.518068747,7.521070277,0.290777535,0.319469339,,,0.361624351,0.371003193,,
1999,307,307,0,0,0.280679491,0.320642505,,,0.354505319,0.350856525,,
1999,308,308,0,0,0.274553674,0.320804836,,,0.348750728,0.34535724,,
1999,309,309,2.931953867,3.158388137,0.27662977,0.320704841,,,0.347089979,0.345550348,,
1999,310,310,0.678426052,0.739754997,0.290281703,0.320598461,,,0.362095231,0.346714693,,
1999,311,311,0,0,0.281825992,0.32044752,,,0.357247134,0.341869719,,
1999,312,312,2.452080507,2.387775629,0.290965312,0.320302857,,,0.358124502,0.340026762,,
1999,313,313,2.737562189,3.204938749,0.301163929,0.320281085,,,0.370351889,0.339158051,,
1999,314,314,0,0,0.296722982,0.320379138,,,0.367256902,0.338893729,,
1999,315,315,0,0,0.29253806,0.32044935,,,0.362739882,0.338445846,,
1999,316,316,0,0,0.289801396,0.320365301,,,0.359872878,0.33795947,,
1999,317,317,0,0,0.287760969,0.320186233,,,0.357433864,0.337495724,,
1999,318,318,0.113071009,0.184938749,0.283101766,0.320102302,,,0.354247821,0.337172802,,
1999,319,319,0,0,0.275187858,0.320137496,,,0.350837556,0.334539873,,
1999,320,320,0,0,,,,,,,,
1999,321,321,3.357892356,3.107479046,,,,,,,,
1999,322,322,1.098756219,1.226692456,,,,,,,,
1999,323,323,2.951876979,3.168729852,,,,,,,,
1999,324,324,0.217842605,0.236299162,,,,,,,,
1999,325,325,0.1,0,,,,,,,,
1999,326,326,3.267639077,2.894584139,,,,,,,,
1999,327,327,0.53568521,0.554996776,,,,,,,,
1999,328,328,0,0.265248227,,,,,,,,
1999,329,329,1.667639077,1.713539652,,,,,,,,
1999,330,330,0,0,,,,,,,,
1999,331,331,0.968882858,0.786847195,,,,,,,,
1999,332,332,0,0,,,,,,,,
1999,333,333,0,0,,,,,,,,
1999,334,334,0,0,,,,,,,,
1999,335,335,1.174445952,1.481495809,,,,,,,,
1999,336,336,0,0,,,,,,,,
1999,337,337,3.284396201,2.737330754,,,,,,,,
1999,338,338,0,0,,,,,,,,
1999,339,339,4.005766621,4.172920696,,,,,,,,
1999,340,340,0.877634555,1.272791747,,,,,,,,
1999,341,341,9.979488919,10.20825274,,,,,,,,
1999,342,342,0.678426052,0.523146357,,,,,,,,
1999,343,343,4.91033469,4.98478401,,,,,,,,
1999,344,344,0.312279512,0.25789813,,,,,,,,
1999,345,345,15.85633198,15.35080593,,,,,,,,
1999,346,346,21.3920398,20.16132818,,,,,,,,
1999,347,347,8.834848485,8.030431979,,,,,,,,
1999,348,348,1.345929444,1.55789813,,,,,,,,
1999,349,349,0,0,,,,,,,,
1999,350,350,0,0,,,,,,,,
1999,351,351,23.84228856,23.76094133,,,,,,,,
1999,352,352,7.692740841,7.300954223,,,,,,,,
1999,353,353,0.1,0.087143778,,,,,,,,
1999,354,354,0,0,,,,,,,,
1999,355,355,0,0,,,,,,,,
1999,356,356,0,0,,,,,,,,
1999,357,357,8.605450023,9.69445519,,,,,,,,
1999,358,358,18.31675712,17.68950355,,,,,,,,
1999,359,359,13.35933967,12.66892328,,,,,,,,
1999,360,360,24.74604251,24.4868343,,,,,,,,
1999,361,361,5.524400724,4.838156028,,,,,,,,
1999,362,362,0.7,1.122566086,,,,,,,,
1999,363,363,0.412279512,0.445041908,,,,,,,,
1999,364,364,2.919041158,3.122269504,,,,,,,,
1999,365,365,1.617639077,1.380167634,,,,,,,,
2000,366,1,1.42542967,1.26065,,,,,,,,
2000,367,2,0.525158299,0.46445,,,,,,,,
2000,368,3,0,0,,,,,,,,
2000,369,4,17.63031434,15.59225,,,,,,,,
2000,370,5,0.150045228,0.1327,,,,,,,,
2000,371,6,5.326605608,4.71085,,,,,,,,
2000,372,7,0,0,,,,,,,,
2000,373,8,1.725520127,1.52605,,,,,,,,
2000,374,9,0.225067843,0.19905,,,,,,,,
2000,375,10,0.075022614,0.06635,0.320074182,0.394617853,,,,,,
2000,376,11,0.075022614,0.06635,,,,,,,,
2000,377,12,0,0,,,,,,,,
2000,378,13,0,0,,,,,,,,
2000,379,14,0.225067843,0.19905,,,,,,,,
2000,380,15,0.375113071,0.33175,,,,,,,,
2000,381,16,0.150045228,0.1327,,,,,,,,
2000,382,17,0.075022614,0.06635,,,,,,,,
2000,383,18,0.825248756,0.72985,,,,,,,,
2000,384,19,0,0,,,,,,,,
2000,385,20,0,0,,,,,,,,
2000,386,21,2.250678426,1.9905,,,,,,,,
2000,387,22,6.60199005,5.8388,,,,,,,,
2000,388,23,0.450135685,0.3981,,,,,,,,
2000,389,24,0,0,,,,,,,,
2000,390,25,0,0,,,,,,,,
2000,391,26,0,0,,,,,,,,
2000,392,27,0,0,,,,,,,,
2000,393,28,0,0,,,,,,,,
2000,394,29,15.3046133,13.5354,,,,,,,,
2000,395,30,8.627600633,7.63025,,,,,,,,
2000,396,31,0.075022614,0.06635,,,,,,,,
2000,397,32,0.150045228,0.1327,,,,,,,,
2000,398,33,1.500452284,1.327,,,,,,,,
2000,399,34,0.300090457,0.2654,,,,,,,,
2000,400,35,0.600180914,0.5308,,,,,,,,
2000,401,36,0,0,,,,,,,,
2000,402,37,0.225067843,0.19905,,,,,,,,
2000,403,38,6.451944821,5.7061,,,,,,,,
2000,404,39,10.72823383,9.48805,,,,,,,,
2000,405,40,0.075022614,0.06635,,,,,,,,
2000,406,41,10.42814337,9.22265,,,,,,,,
2000,407,42,0.150045228,0.1327,,,,,,,,
2000,408,43,2.775836725,2.45495,,,,,,,,
2000,409,44,3.451040253,3.0521,,,,,,,,
2000,410,45,4.426334238,3.91465,,,,,,,,
2000,411,46,3.376017639,2.98575,,,,,,,,
2000,412,47,2.775836725,2.45495,,,,,,,,
2000,413,48,4.276289009,3.78195,,,,,,,,
2000,414,49,2.475746269,2.18955,,,,,,,,
2000,415,50,4.576379466,4.04735,,,,,,,,
2000,416,51,0.675203528,0.59715,,,,,,,,
2000,417,52,0,0,,,,,,,,
2000,418,53,0.225067843,0.19905,,,,,,,,
2000,419,54,0,0,,,,,,,,
2000,420,55,4.201266395,3.7156,,,,,,,,
2000,421,56,2.700814111,2.3886,,,,,,,,
2000,422,57,0,0,,,,,,,,
2000,423,58,0,0,,,,,,,,
2000,424,59,7.202170963,6.3696,,,,,,,,
2000,425,60,5.401628223,4.7772,,,,,,,,
2000,426,61,5.401628223,4.7772,,,,,,,,
2000,427,62,0.075022614,0.06635,,,,,,,,
2000,428,63,15.90479421,14.0662,,,,,,,,
2000,429,64,0,0,,,,,,,,
2000,430,65,0,0,,,,,,,,
2000,431,66,0,0,,,,,,,,
2000,432,67,0.825248756,0.72985,0.299599204,0.397164562,,,,,,
2000,433,68,5.101537766,4.5118,0.303036047,0.397247246,,,,,,
2000,434,69,0.300090457,0.2654,0.302699415,0.397492877,,,,,,
2000,435,70,0,0,0.29923643,0.397322738,,,,,,
2000,436,71,1.42542967,1.26065,0.298657229,0.396983403,,,,,,
2000,437,72,0,0,0.298440744,0.396837949,,,,,,
2000,438,73,0,0,0.298455884,0.396688817,,,,,,
2000,439,74,3.451040253,3.0521,0.299435761,0.396740286,,,,,,
2000,440,75,0,0,0.298922482,0.396964269,,,,,,
2000,441,76,0.075022614,0.06635,0.298104477,0.396774484,,,,,,
2000,442,77,0,0,0.297114967,0.396788079,,,,,,
2000,443,78,0.675203528,0.59715,0.296584755,0.39674255,,,,,,
2000,444,79,0.300090457,0.2654,0.296439395,0.396719232,,,,,,
2000,445,80,0.075022614,0.06635,0.296626161,0.396729012,,,,,,
2000,446,81,0,0,0.296620021,0.396780782,,,,,,
2000,447,82,0,0,0.296257895,0.396794865,,,,,,
2000,448,83,0,0,0.295904994,0.39675558,,,,,,
2000,449,84,4.126243781,3.64925,0.299923671,0.396747505,,,,,,
2000,450,85,2.775836725,2.45495,0.299436271,0.396906651,,,,,,
2000,451,86,1.42542967,1.26065,0.302757005,0.397134543,,,,,,
2000,452,87,2.625791497,2.32225,0.303046958,0.396962809,,,,,,
2000,453,88,0.375113071,0.33175,0.301200311,0.397028046,,,,,,
2000,454,89,0.150045228,0.1327,0.299284075,0.397150357,,,,,,
2000,455,90,9.002713704,7.962,0.307954656,0.397094401,,,,,,
2000,456,91,4.351311624,3.8483,,,,,,,,
2000,457,92,4.126243781,3.64925,,,,,,,,
2000,458,93,0.075022614,0.06635,,,,,,,,
2000,459,94,1.125339213,0.99525,,,,,,,,
2000,460,95,1.575474898,1.39335,,,,,,,,
2000,461,96,0.750226142,0.6635,,,,,,,,
2000,462,97,0,0,,,,,,,,
2000,463,98,0,0,,,,,,,,
2000,464,99,0,0,,,,,,,,
2000,465,100,0,0,,,,,,,,
2000,466,101,0,0,,,,,,,,
2000,467,102,0.300090457,0.2654,,,,,,,,
2000,468,103,0.525158299,0.46445,,,,,,,,
2000,469,104,0.975293985,0.86255,,,,,,,,
2000,470,105,3.526062867,3.11845,,,,,,,,
2000,471,106,2.995805872,4.070186387,,,,,,,,
2000,472,107,0.433393249,0.3,,,,,,,,
2000,473,108,7.789095267,7.106406287,,,,,,,,
2000,474,109,0,0,,,,,,,,
2000,475,110,0,0,,,,,,,,
2000,476,111,0,0,,,,,,,,
2000,477,112,1.422009187,1.514455823,,,,,,,,
2000,478,113,10.31156381,9.848582996,,,,,,,,
2000,479,114,8.530057919,8.262252917,,,,,,,,
2000,480,115,0,0,,,,,,,,
2000,481,116,0,0,,,,,,,,
2000,482,117,0.077890953,0,,,,,,,,
2000,483,118,1.07649291,0.9125387,0.307417872,0.396821255,,,,0.478631024,,
2000,484,119,8.222488516,7.682710169,0.309725527,0.396629939,,,,0.47847913,,
2000,485,120,0,0.11907597,0.308841244,0.396644458,,,0.393774953,0.4783171,,
2000,486,121,0.477331736,0.238151941,0.307744368,0.396879161,,,0.392661893,0.478187894,,
2000,487,122,0,0,0.307023747,0.396742428,,,0.392136387,0.477984486,,
2000,488,123,0,0,0.306287791,0.396470193,,,0.391889734,0.462883671,,
2000,489,124,0,0,0.306095298,0.396330024,,,0.39207929,0.440940054,,
2000,490,125,0,0,0.305740631,0.396303335,,,0.391541538,0.437375483,,
2000,491,126,0,0,0.304362087,0.395796357,,,0.390528895,0.434338648,,
2000,492,127,0,0,0.30224973,0.3897546,,,0.388807404,0.432071106,,
2000,493,128,9.386858398,7.83993808,0.305912523,0.386688139,,,0.391310241,0.459583121,,
2000,494,129,0,0,0.304599394,0.391430917,,,0.390134898,0.47697249,,
2000,495,130,0,0,0.303184827,0.391120185,,,0.388833182,0.466748061,,
2000,496,131,0,0,0.301722814,0.390621754,,,0.387867761,0.43444127,,
2000,497,132,10.46191332,10.23848535,0.307783997,0.390729836,,,0.391927492,0.468285345,,
2000,498,133,0.572039145,0.238151941,0.304803252,0.39091574,,,0.389464466,0.476284377,,
2000,499,134,0,0,0.305090849,0.391064405,,,0.388787702,0.476233497,,
2000,500,135,0,0,0.303854595,0.390931813,,,0.387882781,0.452340427,,
2000,501,136,0,0,0.300642637,0.388876825,,,0.386376865,0.43076715,,
2000,502,137,2.596365089,2.783329364,0.292120497,0.377973028,,,0.374324957,0.425391496,,
2000,503,138,0.399440783,0.557227911,0.292497413,0.37450182,,,0.37025235,0.420754594,,
2000,504,139,5.492310765,5.286139557,0.296410049,0.372995516,,,0.375323692,0.418866859,,
2000,505,140,0.798881566,1.017718504,0.298140072,0.372729605,,,0.379959096,0.417027451,,
2000,506,141,0,0,0.298308197,0.372343953,,,0.38071505,0.416028634,,
2000,507,142,7.654723387,8.180757323,0.307641097,0.37468463,,,0.385891187,0.425140324,,
2000,508,143,1.435030957,1.700500119,0.308697754,0.389898727,,,0.387199981,0.472080179,,
2000,509,144,0,0,0.303236095,0.390629207,,,0.383870558,0.473241733,,
2000,510,145,8.751947274,7.630554894,0.309507784,0.390548086,,,0.38740026,0.473775816,,
2000,511,146,2.496504893,1.190759705,0.307872462,0.390299185,,,0.387076536,0.474098426,,
2000,512,147,0,0,0.305295611,0.390332342,,,0.385002412,0.474146992,,
2000,513,148,0,0,0.304274949,0.390493904,,,0.38443295,0.474055278,,
2000,514,149,9.325224685,8.148225768,0.312106743,0.39020061,,,0.390658825,0.474070581,,
2000,515,150,1.671739565,1.823100738,0.308769302,0.390322366,,,0.388944048,0.474467151,,
2000,516,151,4.993009786,6.118337699,0.310043239,0.390404199,,,0.391558654,0.474689382,,
2000,517,152,0.199720391,0.357227911,0.311826584,0.390355985,,,0.393224835,0.474802642,,
2000,518,153,0,0,,,,,,,,
2000,519,154,0,0,,,,,,,,
2000,520,155,5.791891352,6.315741843,,,,,,,,
2000,521,156,0.099860196,0.130221481,,,,,,,,
2000,522,157,9.791571799,8.419504644,,,,,,,,
2000,523,158,4.929658478,4.715813289,0.314353098,0.391614177,,,0.386604436,0.474224931,,
2000,524,159,0,0,0.307676841,0.390468508,,,0.390850273,0.47417972,,
2000,525,160,0,0,0.305295063,0.390425581,,,0.390819488,0.473879005,,
2000,526,161,0,0,0.300219298,0.387919725,,,0.387117772,0.473460472,,
2000,527,162,0,0,0.29179558,0.378240467,,,0.383186197,0.472374048,,
2000,528,163,0,0,0.281164379,0.375014875,,,0.369533602,0.467945551,,
2000,529,164,0,0,0.27292923,0.373125586,,,0.362198966,0.444253006,,
2000,530,165,0,0,0.262919486,0.372183409,,,0.354715445,0.435419934,,
2000,531,166,0,0,0.254831423,0.371633048,,,0.347574332,0.433976402,,
2000,532,167,0,0,0.249943469,0.371271011,,,0.341519049,0.432922021,,
2000,533,168,0,0,0.244515411,0.370661001,,,0.333959729,0.432369783,,
2000,534,169,0,0,0.236273451,0.369477513,,,0.322106316,0.431249894,,
2000,535,170,0,0,0.226672803,0.367239466,,,0.307912794,0.430028843,,
2000,536,171,0,0,0.216537978,0.36317336,,,0.292081931,0.430541836,,
2000,537,172,0,0,0.207417992,0.358255602,,,0.278069629,0.428680489,,
2000,538,173,0.499300979,0.833531793,0.203445968,0.354057474,,,0.267228277,0.425593776,,
2000,539,174,0,0,0.200745682,0.35098465,,,0.261192977,0.423076652,,
2000,540,175,0.099860196,0,0.198167447,0.347722711,,,0.254398258,0.418995498,,
2000,541,176,0.299580587,0,0.196650627,0.345020929,,,0.249461457,0.414176778,,
2000,542,177,0,0,0.195630233,0.342740059,,,0.245290025,0.408367357,,
2000,543,178,0,0,0.194203213,0.340528872,,,0.240256844,0.40382387,,
2000,544,179,0,0,0.191801604,0.337874569,,,,,,
2000,545,180,0,0,0.189149805,0.335545441,,,0.296249035,0.394718875,,
2000,546,181,0,0,0.186601062,0.333348705,,,0.296384736,0.392567519,,
2000,547,182,1.39804274,2.024291498,0.187824557,0.33163288,,,0.296280944,0.395160478,,
2000,548,183,1.563411224,1.276780186,0.19039192,0.330387261,,,0.296144161,0.392159967,,
2000,549,184,12.08308368,12.5512503,0.217158816,0.3294523,,,0.295965612,0.403363879,,
2000,550,185,0,0,0.249239008,0.330575002,,,0.295819716,0.420534166,,
2000,551,186,3.128420212,2.343367468,0.240404309,0.330772272,,,0.295756743,0.410072907,,
2000,552,187,7.526263231,8.50985949,,0.426084083,,,0.383189706,0.426084083,,
2000,553,188,0,0,,0.431701788,,,0.38304355,0.431701788,,
2000,554,189,4.523267426,2.658633008,,0.419053775,,,0.382980465,0.419053775,,
2000,555,190,3.395246655,2.011145511,,0.414043596,,,,0.414043596,,
2000,556,191,14.57878969,8.37849488,,0.431962455,,,,0.431962455,,
2000,557,192,3.594967046,2.475994284,,0.446106145,,,,0.446106145,,
2000,558,193,10.48532055,9.849773756,,0.44865137,,,,0.44865137,,
2000,559,194,0.399440783,0,,0.458372367,,,,0.458372367,,
2000,560,195,7.6532854,4.681209812,,0.458483498,,,,0.458483498,,
2000,561,196,6.289594568,5.567658966,,0.45858307,,,,0.45858307,,
2000,562,197,7.963251448,9.899261729,,0.458701816,,,,0.458701816,,
2000,563,198,3.924905133,4.302762563,,0.458826802,,,,0.458826802,,
2000,564,199,0.232474536,0.11907597,,0.458753609,,,,0.458753609,,
2000,565,200,0,0,,0.458442116,,,,0.458442116,,
2000,566,201,0,0,,0.458051479,,,,0.458051479,,
2000,567,202,0,0,,0.457501295,,,,0.457501295,,
2000,568,203,0,0,,,,,,,,
2000,569,204,0,0,,,,,,,,
2000,570,205,0,0,,,,,,,,
2000,571,206,20.27161973,19.14636818,,,,,,,,
2000,572,207,0.69902137,0.389426054,,,,,,,,
2000,573,208,0,0,,,,,,,,
2000,574,209,14.21290194,13.03093594,,,,,,,,
2000,575,210,0,0,,,,,,,,
2000,576,211,5.922907929,4.082472017,,,,,,,,
2000,577,212,0.497703215,0.11907597,,,,,,,,
2000,578,213,0,0,,,,,,,,
2000,579,214,0,0,,,,,,,,
2000,580,215,1.39804274,0.357227911,,,,,,,,
2000,581,216,7.07120032,5.22150512,,0.385629638,,0.356404673,,0.451724911,0.403196976,0.344690879
2000,582,217,0.199720391,0.11907597,,0.38585915,,0.356773749,,0.458322499,0.40326747,0.344663674
2000,583,218,0,0,,0.385995453,,0.35663847,,0.45628927,0.403338241,0.344611489
2000,584,219,0,0,,0.385571198,,0.356684904,,0.442964387,0.40336336,0.344481111
2000,585,220,0,0,,0.385094188,,0.356181877,,0.44164057,0.403406614,0.344333014
2000,586,221,2.484631516,2.005215528,,0.378746802,,0.355705223,,0.43885175,0.403479273,0.344129415
2000,587,222,0,0,,0.372825633,,0.35590793,,0.413793614,0.403521264,0.343980097
2000,588,223,0,0,,0.37112246,,0.355764372,,0.4345779,0.403484418,0.343747185
2000,589,224,0,0,,0.369653038,,0.355826391,,0.432874852,0.403437841,0.343556189
2000,590,225,0,0,,0.368851007,,0.355297053,,0.432120527,0.403403811,0.343396007
2000,591,226,0.998601957,0.11907597,,0.368308884,,0.35501731,,0.431284435,0.40342914,0.343317339
2000,592,227,0,0,,0.367967922,,0.35466692,,0.430366821,0.403419603,0.343231562
2000,593,228,0.28770721,0.11907597,,0.367729175,,0.354589207,,0.429208379,0.403424406,0.34309093
2000,594,229,5.242969842,3.929507025,,0.367003482,,0.354316454,,0.43357377,0.40340388,0.342783468
2000,595,230,7.083073697,3.690128602,,0.372514,,0.354266728,,0.456206913,0.403478814,0.342528193
2000,596,231,4.867275814,4.16501548,,0.377223605,,0.353847065,,0.440006491,0.402505685,0.34236663
2000,597,232,12.83996405,8.120409621,,0.379650576,,0.355359308,,0.459091319,0.402773154,0.342220656
2000,598,233,10.90150789,7.111026435,,0.380845109,,0.355524528,,0.460202668,0.403029187,0.342111332
2000,599,234,0,0,,0.38130103,,0.355676914,,0.460510132,0.403477376,0.342104535
2000,600,235,0,0,,0.381751032,,0.355568533,,0.46059844,0.403506111,0.342198148
2000,601,236,0,0,,0.381771915,,0.354782654,,0.460631012,0.403565571,0.342207423
2000,602,237,0,0,,0.381517267,,0.354418453,,0.460548661,0.403631006,0.342207664
2000,603,238,0,0,,0.380888979,,0.35404486,,0.453565337,0.403607259,0.342064237
2000,604,239,0.199720391,0,,0.380150982,,0.353493913,,0.443963612,0.402891669,0.341705856
2000,605,240,17.27581386,11.83885449,,0.380731401,,0.355462979,,0.45749455,0.402535259,0.341779988
2000,606,241,0,0,,0.381086205,,0.355489719,,0.460162015,0.40277407,0.341815604
2000,607,242,0,0,,0.380942912,,0.354176426,,0.460347826,0.402902173,0.341753067
2000,608,243,0,0,,0.380603881,,0.353491204,,0.452632767,0.403006687,0.341582767
2000,609,244,0,0,,0.38014923,,0.352982615,,0.442910499,0.402902916,0.341357771
2000,610,245,9.529518674,6.45341748,,0.379943966,,0.35280074,,0.45153485,0.402781507,0.341076362
2000,611,246,11.38406231,7.859014051,,0.380370345,,0.353537844,,0.46103155,0.402863261,0.340992886
2000,612,247,0.299580587,0.11907597,,0.381197623,,0.354390096,,0.461666289,0.403417086,0.341175511
2000,613,248,0,0,,0.381516895,,0.354505143,,0.449809901,0.404338264,0.341390073
2000,614,249,0,0,,0.38170437,,0.354563753,,0.461955194,0.404823296,0.341463114
2000,615,250,5.979029359,4.03869969,,0.381519992,,0.353870603,,0.461905261,0.404856342,0.341161477
2000,616,251,0,0,,0.381584902,,0.354624217,,0.450098551,0.405130497,0.341360875
2000,617,252,0,0,,0.381727984,,0.355024157,,0.462206324,0.405473435,0.341686746
2000,618,253,0,0,,0.381726713,,0.355177468,,0.462044957,0.405621207,0.3418449
2000,619,254,0,0,,0.381444861,,0.354868541,,0.461501714,0.405554738,0.3418012
2000,620,255,0,0,,0.380872857,,0.354196558,,0.455580794,0.405333401,0.341558857
2000,621,256,0,0,,0.380360997,,0.353601061,,0.447919395,0.405170752,0.341308485
2000,622,257,0,0,,0.380075617,,0.353087906,,0.443380566,0.40520254,0.341267502
2000,623,258,0,0,,0.37921946,,0.35294047,,0.439909061,0.405322632,0.341170633
2000,624,259,2.396644697,1.725863301,,0.377241573,,0.352420099,,0.437829302,0.405423728,0.340876535
2000,625,260,8.606440983,6.894046201,,0.376736996,,0.352227474,,0.43665454,0.40451695,0.340681709
2000,626,261,1.048112642,0.925982377,,0.378644683,,0.352925373,,0.455851688,0.404607835,0.340732131
2000,627,262,0,0,,0.383284018,,0.352543305,,0.458102591,0.404706405,0.340530054
2000,628,263,0.399440783,0.11907597,,0.384373818,,0.352016399,,0.456991638,0.404681437,0.34038582
2000,629,264,0,0,,0.384729612,,0.351603603,,0.443622567,0.404554071,0.340506789
2000,630,265,0,0,,0.387531824,,0.352284192,,0.439052925,0.404591276,0.340839504
2000,631,266,0,0,,0.383767027,,0.352333454,,0.437204362,0.404550982,0.341008429
2000,632,267,0,0,,0.377650956,,0.351870378,,0.436688758,0.404407506,0.340924202
2000,633,268,0,0,,0.376809876,,0.350576037,,0.436083475,0.403866199,0.340742678
2000,634,269,0,0,,0.375939295,,0.345894908,,0.435426173,0.403479941,0.340866046
2000,635,270,0,0,,0.375297354,,0.342531632,,0.434549159,0.402951354,0.340697211
2000,636,271,0,0,,,,,,0.433257513,0.402327326,0.340537994
2000,637,272,7.524765329,4.154131936,,,,,,0.433191435,0.401421649,0.340091279
2000,638,273,3.06713601,2.01778995,,,,,,0.459999122,0.402034307,0.339914021
2000,639,274,0.848392251,0.357227911,,,,,,0.450686508,0.401453854,0.339976366
2000,640,275,0,0,,,,,,0.44007349,0.401052935,0.339946573
2000,641,276,1.21126423,0.357227911,,,,,,0.434478025,0.400518433,0.339928173
2000,642,277,0,0,,,,,,0.432964122,0.400101903,0.340344325
2000,643,278,0.199720391,0,,,,,,0.431359377,0.399447751,0.340233179
2000,644,279,0.299580587,0.238151941,,,,,,0.429839733,0.398588026,0.340094129
2000,645,280,0.299580587,0.238151941,,,,,,0.428485439,0.398229827,0.340236503
2000,646,281,0.199720391,0,,,,,,0.427058488,0.397768304,0.340202082
2000,647,282,6.490433393,4.787997142,,,,,,0.428634457,0.397697663,0.339960625
2000,648,283,7.194088276,3.453203144,,,,,,0.454611576,0.401215556,0.339656446
2000,649,284,9.394687438,5.710550131,,0.373961864,,0.334532167,,0.457028995,0.402553169,0.339236665
2000,650,285,12.08308368,5.666230055,,0.375344304,,0.336555067,,0.459182679,0.403190725,0.340755407
2000,651,286,3.095186739,1.647987616,,0.376910503,,0.337433369,,0.459978903,0.40382488,0.341215593
2000,652,287,0.889954064,0.238151941,,0.37943246,,0.339514569,,0.460180182,0.404574418,0.341672217
2000,653,288,0,0,,0.381233155,,0.341078699,,0.46022536,0.40502247,0.341926021
2000,654,289,0.099860196,0.1,,0.382240724,,0.341680969,,0.460008666,0.405116414,0.341721595
2000,655,290,14.93461154,7.244558228,,0.383064747,,0.343073838,,0.459978514,0.405148942,0.341793975
2000,656,291,0.099860196,0.1,,0.384224474,,0.344883694,,0.460380572,0.405611932,0.342628581
2000,657,292,10.39792291,4.267658966,,0.384687003,,0.344647679,,0.460365617,0.405703436,0.342565674
2000,658,293,9.141282205,4.474922601,,0.385032234,,0.345763692,,0.460466571,0.405729545,0.342736605
2000,659,294,0.312522469,0.152988807,,0.385464878,,0.346026839,,0.460161002,0.405750649,0.342577199
2000,660,295,0,0,,0.385781396,,0.346975338,,0.459840301,0.40577571,0.342572647
2000,661,296,0,0,,0.385935848,,0.347296186,,0.459615133,0.405838179,0.34264557
2000,662,297,0.312522469,0.152988807,,0.385777622,,0.347225953,,0.459297649,0.405708729,0.342497509
2000,663,298,0.156261234,0.076494403,,0.385584639,,0.34725686,,0.459105413,0.405648804,0.34243523
2000,664,299,1.64074296,0.803191236,,0.385235287,,0.346973477,,0.459024663,0.405475886,0.342107568
2000,665,300,0.390653086,0.191236009,,0.38518583,,0.34678423,,0.459190475,0.405466335,0.342102713
2000,666,301,1.406351108,0.688449631,,0.385150992,,0.346967274,,0.459479818,0.40551577,0.342153962
2000,667,302,0.234391851,0.114741605,,0.385026385,,0.347031653,,0.459477302,0.405428452,0.341940183
2000,668,303,1.797004194,0.879685639,,0.384725184,,0.347129381,,0.459364047,0.405310988,0.341796304
2000,669,304,10.15698023,4.972136223,,0.384296515,,0.347139551,,0.459593361,0.405075784,0.341292038
2000,670,305,1.64074296,0.803191236,,0.384249739,,0.348380912,,0.460277768,0.405189673,0.341718098
2000,671,306,7.217887834,8.11866701,,0.384299586,,0.349047782,,0.460755436,0.405355804,0.341964173
2000,672,307,4.925146992,5.539796313,,0.384226119,,0.349133789,,0.461068393,0.405388467,0.341930956
2000,673,308,0,0,,0.384201451,,0.349204589,,0.461161922,0.405455464,0.34198214
2000,674,309,0,0,,0.384384362,,0.349806123,,0.461413941,0.405677247,0.342322082
2000,675,310,0.2,0.191027459,,0.384338954,,0.349727983,,0.461566787,0.405713673,0.342204348
2000,676,311,5.244414292,12.32127111,,0.383613303,,0.348339794,,0.461341258,0.40530299,0.34154365
2000,677,312,12.31286748,13.94500451,,0.383336083,,0.34826562,,0.46135987,0.405352168,0.341654772
2000,678,313,5.519561284,6.20839242,,0.383489493,,0.349099316,,0.461893628,0.405644875,0.342177401
2000,679,314,0,0,,0.383731667,,0.349504407,,0.462132279,0.405858721,0.342526749
2000,680,315,0,0.09551373,,,,,,,,
2000,681,316,0,0,,,,,,,,
2000,682,317,15.12991682,21.10853423,,,,,,,,
2000,683,318,0.160016327,0.191027459,,,,,,,,
2000,684,319,1.103912257,1.241678484,,,,,,,,
2000,685,320,0,0.191027459,,,,,,,,
2000,686,321,4.713704206,5.348768854,,,,,,,,
2000,687,322,0,0.286541189,,,,,,,,
2000,688,323,0.2,0.382054918,,,,,,,,
2000,689,324,7.972478517,8.691749388,,,,,,,,
2000,690,325,1.800542741,2.196815779,,,,,,,,
2000,691,326,5.597241067,6.20839242,,,,,,,,
2000,692,327,0.67933062,0.764109836,,,,,,,,
2000,693,328,8.644414292,10.21996906,,,,,,,,
2000,694,329,0,0,,,,,,,,
2000,695,330,9.770646766,8.744914271,,,,,,,,
2000,696,331,0,0,,,,,,,,
2000,697,332,0.79149706,0.515663272,,,,,,,,
2000,698,333,2.343781095,2.157831636,,,,,,,,
2000,699,334,0,0,,,,,,,,
2000,700,335,0,0,,,,,,,,
2000,701,336,6.517774763,6.118409179,,,,,,,,
2000,702,337,0.778833107,0.955137295,,,,,,,,
2000,703,338,1.168249661,1.432705943,,,,,,,,
2000,704,339,1.469923112,1.160242362,,,,,,,,
2000,705,340,0.426142017,0.257831636,,,,,,,,
2000,706,341,3.855314337,3.58915818,,,,,,,,
2000,707,342,2.791044776,2.051269821,,,,,,,,
2000,708,343,0.077883311,0.09551373,,,,,,,,
2000,709,344,0.155766621,0.2,,,,,,,,
2000,710,345,7.643962008,7.796390357,,,,,,,,
2000,711,346,2.333197648,2.602410726,,,,,,,,
2000,712,347,5.821709634,5.996390357,,,,,,,,
2000,713,348,1.58299412,1.646989816,,,,,,,,
2000,714,349,9.646675712,9.616333634,,,,,,,,
2000,715,350,0,0,,,,,,,,
2000,716,351,0.808050656,0.677774913,,,,,,,,
2000,717,352,0.277883311,0.328915818,,,,,,,,
2000,718,353,1.932066938,2.54457909,,,,,,,,
2000,719,354,0.893441882,1.057831636,,,,,,,,
2000,720,355,0,0,,,,,,,,
2000,721,356,0,0,,,,,,,,
2000,722,357,0,0,,,,,,,,
2000,723,358,0,0,,,,,,,,
2000,724,359,0,0,,,,,,,,
2000,725,360,0,0,,,,,,,,
2000,726,361,0,0,,,,,,,,
2000,727,362,2.926775215,3.322895449,,,,,,,,
2000,728,363,0.339213026,0.715663272,,,,,,,,
2000,729,364,0,0,,,,,,,,
2000,730,365,0,0,,,,,,,,
2000,731,366,0,0,,,,,,,,
2001,732,1,14.07360923,16.68258347,,,,,,,,
2001,733,2,2.111374943,2.062653088,,,,,,,,
2001,734,3,4.685232926,4.149413433,,,,,,,,
2001,735,4,2.109045681,1.618073998,,,,,,,,
2001,736,5,26.52250113,28.38071419,,,,,,,,
2001,737,6,7.153098146,6.322895449,,,,,,,,
2001,738,7,0.456580733,0,,,,,,,,
2001,739,8,0.152193578,0,,,,,,,,
2001,740,9,0,0,,,,,,,,
2001,741,10,6.011646314,5.937566069,,,,,,,,
2001,742,11,2.663387607,2.39160758,,,,,,,,
2001,743,12,0,0,,,,,,,,
2001,744,13,0,0,,,,,,,,
2001,745,14,0,0,,,,,,,,
2001,746,15,0,0,,,,,,,,
2001,747,16,0,0,,,,,,,,
2001,748,17,0,0,,,,,,,,
2001,749,18,0,0,,,,,,,,
2001,750,19,0,0,,,,,,,,
2001,751,20,0,0,,,,,,,,
2001,752,21,7.837969245,7.11189893,,,,,,,,
2001,753,22,14.30619629,15.02062653,,,,,,,,
2001,754,23,5.935549525,6.469885265,,,,,,,,
2001,755,24,5.174581637,5.136147995,,,,,,,,
2001,756,25,2.130710086,1.860268145,,,,,,,,
2001,757,26,0.456580733,0.328915818,,,,,,,,
2001,758,27,6.848710991,6.519427614,,,,,,,,
2001,759,28,0.076096789,0,,,,,,,,
2001,760,29,0.913161465,0.773494908,,,,,,,,
2001,761,30,0.076096789,0,,,,,,,,
2001,762,31,0,0,,,,,,,,
2001,763,32,0,0,,,,,,,,
2001,764,33,0.076096789,0,,,,,,,,
2001,765,34,20.92661692,15.41793219,,,,,,,,
2001,766,35,8.598937133,9.471187315,,,,,,,,
2001,767,36,11.5667119,12.48933866,,,,,,,,
2001,768,37,6.011646314,6.32779425,,,,,,,,
2001,769,38,6.468227047,6.351811267,,,,,,,,
2001,770,39,1.674129353,1.247015599,,,,,,,,
2001,771,40,0,0,,,,,,,,
2001,772,41,0,0,,,,,,,,
2001,773,42,0,0,,,,,,,,
2001,774,43,2.51119403,2.520484723,,,,,,,,
2001,775,44,3.043871551,3.14457909,,,,,,,,
2001,776,45,0,0,,,,,,,,
2001,777,46,0,0,,,,,,,,
2001,778,47,0.076096789,0,,,,,,,,
2001,779,48,0,0,,,,,,,,
2001,780,49,0,0,,,,,,,,
2001,781,50,0,0,,,,,,,,
2001,782,51,0.152193578,0.086760345,,,,,,,,
2001,783,52,0.228290366,0.2,,,,,,,,
2001,784,53,1.217548621,1.002436509,,,,,,,,
2001,785,54,4.870194482,3.825370633,,,,,,,,
2001,786,55,0.076096789,0,,,,,,,,
2001,787,56,0,0,,,,,,,,
2001,788,57,2.663387607,2.362653088,,,,,,,,
2001,789,58,0,0,,,,,,,,
2001,790,59,2.435097241,2.447002707,,,,,,,,
2001,791,60,1.90241972,1.331339435,,,,,,,,
2001,792,61,0.228290366,0.3,,,,,,,,
2001,793,62,0,0,,,,,,,,
2001,794,63,4.794097693,3.990511796,,,,,,,,
2001,795,64,4.185323383,3.667526105,,,,,,,,
2001,796,65,0,0,,,,,,,,
2001,797,66,4.794097693,5.26992394,,,,,,,,
2001,798,67,2.130710086,1.78915818,,,,,,,,
2001,799,68,5.783355948,4.361570195,,,,,,,,
2001,800,69,3.11996834,3.55183705,,,,,,,,
2001,801,70,3.576549073,3.49160758,,,,,,,,
2001,802,71,4.794097693,5.277362382,,,,,,,,
2001,803,72,8.066259611,8.082531907,,,,,,,,
2001,804,73,1.750226142,2.08915818,,,,,,,,
2001,805,74,5.326775215,5.125331958,,,,,,,,
2001,806,75,0,0,,,,,,,,
2001,807,76,1.750226142,1.549439216,,,,,,,,
2001,808,77,10.57745364,9.9353745,,,,,,,,
2001,809,78,0.152193578,0.1,,,,,,,,
2001,810,79,0.228290366,0.2,,,,,,,,
2001,811,80,16.81739032,20.26039706,,,,,,,,
2001,812,81,12.63206694,12.84371535,,,,,,,,
2001,813,82,4.261420172,4.489171071,,,,,,,,
2001,814,83,10.1969697,11.49921361,,,,,,,,
2001,815,84,7.685775667,7.93741137,,,,,,,,
2001,816,85,0,0,,,,,,,,
2001,817,86,0,0,,,,,,,,
2001,818,87,3.424355495,3.104834343,,,,,,,,
2001,819,88,15.21935776,16.71330411,,,,,,,,
2001,820,89,0.684871099,0.64457909,,,,,,,,
2001,821,90,0,0,,,,,,,,
2001,822,91,0,0,,,,,,,,
2001,823,92,0,0,,,,,,,,
2001,824,93,0.60877431,0.386747454,,,,,,,,
2001,825,94,7.761872456,7.357071033,,,,,,,,
2001,826,95,4.033129806,4.065076705,,,,,,,,
2001,827,96,4.946291271,4.367500322,,,,,,,,
2001,828,97,1.90241972,1.807270852,,,,,,,,
2001,829,98,0,0,,,,,,,,
2001,830,99,9.131614654,9.530217868,,,,,,,,
2001,831,100,7.609678878,8.754595849,,,,,,,,
2001,832,101,6.772614202,7.445790899,,,,,,,,
2001,833,102,0.076096789,0.1,,,,,,,,
2001,834,103,0,0,,,,,,,,
2001,835,104,1.674129353,1.915663272,,,,,,,,
2001,836,105,17.35006784,19.62092304,,,,,,,,
2001,837,106,3.391815857,3.156742126,,,,,,,,
2001,838,107,0.077086724,0,,,,,,,,
2001,839,108,6.475284817,7.066560039,,,,,,,,
2001,840,109,1.387561032,0.959867126,,,,,,,,
2001,841,110,2.620948617,2.534719488,,,,,,,,
2001,842,111,0.308346896,0.2,,,,,,,,
2001,843,112,0,0,,,,,,,,
2001,844,113,0,0,,,,,,,,
2001,845,114,4.162683097,3.876476378,,,,,,,,
2001,846,115,4.008509649,3.782898622,,,,,,,,
2001,847,116,3.314729133,3.318971457,,,,,,,,
2001,848,117,11.48592188,11.35250984,,,,,,,,
2001,849,118,5.550244129,5.252165354,,,,,,,,
2001,850,119,1.002127412,1.107283465,,,,,,,,
2001,851,120,0.462520344,0.346062992,,,,,,,,
2001,852,121,0,0,,,,,,,,
2001,853,122,0,0,,,,,,,,
2001,854,123,2.929295513,3.391387795,,,,,,,,
2001,855,124,0.432504069,0.546062992,,,,,,,,
2001,856,125,0,0,,,,,,,,
2001,857,126,0,0,,,,,,,,
2001,858,127,0,0,,,,,,,,
2001,859,128,0,0,,,,,,,,
2001,860,129,0,0,,,,,,,,
2001,861,130,0,0,,,,,,,,
2001,862,131,0,0,,,,,,,,
2001,863,132,0,0,,,,,,,,
2001,864,133,0,0,,,,,,,,
2001,865,134,2.790048826,3.675787402,,,,,,,,
2001,866,135,7.942420367,9.350393701,,,,,,,,
2001,867,136,1.465008138,0.984251969,,,,,,,,
2001,868,137,2.445907928,1.765723425,,0.37942481,0.303253219,,,0.463507672,0.406851506,0.350977901
2001,869,138,0.263938619,0.246062992,,0.382737718,0.320336419,,,0.465965273,0.408688947,0.353425958
2001,870,139,0,0,,0.383606576,0.348492632,,,0.466216908,0.409397875,0.355515605
2001,871,140,0,0,,0.383896969,0.366844467,,,0.46606986,0.409697167,0.356504205
2001,872,141,0,0,,0.383883945,0.373610602,,,0.462564637,0.409774372,0.356973361
2001,873,142,0,0,,0.383719755,0.374919397,,,0.457347686,0.409802385,0.357209078
2001,874,143,0,0,,0.383550868,0.374819001,,,0.456386949,0.409839651,0.357312833
2001,875,144,0,0,,0.383257985,0.374488989,,,0.45499842,0.409798481,0.357374935
2001,876,145,0,0,,0.382856534,0.374043231,,,0.453784122,0.409676032,0.35738546
2001,877,146,0,0,,0.382533395,0.373696003,,,0.452307436,0.409545377,0.357354666
2001,878,147,0,0,,0.38221875,0.373335265,,,0.448060924,0.409434275,0.357311316
2001,879,148,0,0,,0.380951041,0.37026645,,,0.447126959,0.409272841,0.357269575
2001,880,149,0,0,,0.380507378,0.34819518,0.348150465,,0.446376095,0.409075362,0.357186582
2001,881,150,0,0,,0.379903479,0.318296393,0.348115477,,0.445657585,0.40879618,0.357079475
2001,882,151,0,0,,0.379380253,0.296002271,0.348505999,,0.444836478,0.408647888,0.356959197
2001,883,152,0,0,,0.37882434,0.286532832,0.348630923,,0.442333402,0.408683618,0.356853925
2001,884,153,5.404522204,4.394143701,,0.378607881,0.284041376,0.348236692,,0.438523902,0.408319053,0.356752168
2001,885,154,0.348756103,0.246062992,,0.378679787,0.282987577,0.34862408,,0.438134774,0.408417881,0.356689908
2001,886,155,0,0,,0.378753778,0.282088401,0.348794403,,0.437343777,0.408640162,0.356656688
2001,887,156,0,0,,0.378839059,0.270066035,0.348467834,,0.435901908,0.408821827,0.356619678
2001,888,157,0,0,,0.37868175,0.28071658,0.348224084,,0.434208706,0.408605923,0.356564542
2001,889,158,3.41970472,2.760629921,,0.378291585,0.280399286,0.348180542,,0.432429083,0.408402249,0.356503965
2001,890,159,1.305580098,1.095127953,,0.377742558,0.280123468,0.348121229,,0.429791159,0.408053833,0.356420913
2001,891,160,0,0,,0.37694532,0.279497515,0.348087738,,0.426922946,0.403715979,0.35634238
2001,892,161,0,0,,0.376023065,0.278867722,0.348015347,,0.424522383,0.401606239,0.349077499
2001,893,162,3.429539642,2.206643701,,0.375431925,0.278326469,0.3483856,,0.42331651,0.401393891,0.332221076
2001,894,163,0,0,,0.373650176,0.277740078,0.348237958,,0.420922664,0.400966191,0.330218716
2001,895,164,1.339862823,1.107283465,,0.371657846,0.276925779,0.347912776,,0.418157477,0.400315265,0.328603832
2001,896,165,0,0,,0.369828127,0.276163581,0.347788367,,0.415179745,0.399553723,0.327199153
2001,897,166,0.116252034,0,,0.367857988,0.275070886,0.34754394,,0.411566004,0.398620984,0.326316316
2001,898,167,2.3,1.353346457,,0.366166059,0.273956537,0.347290911,,0.40825231,0.397723335,0.325234088
2001,899,168,10.03310858,9.299827756,,0.377139724,0.273284305,0.347802493,,0.429925384,0.396764527,0.323758092
2001,900,169,1.969262962,2.195853839,,0.386450051,0.273914856,0.348918649,,0.4340272,0.396018241,0.322190401
2001,901,170,0,0,,0.382809961,0.274145969,0.34890139,,0.418883078,0.395354887,0.32133494
2001,902,171,0,0,,0.375220153,0.273631527,0.348688449,,0.414368741,0.394928337,0.320790568
2001,903,172,0,0,,,,,,,,
2001,904,173,0,0,,,,,,,,
2001,905,174,0,0,,,,,,,,
2001,906,175,0,0,,,,,,,,
2001,907,176,0,0,,,,,,,,
2001,908,177,0,0,,0.353706134,0.256513912,0.340835422,,0.384416608,0.386240238,0.314059959
2001,909,178,0.348756103,0,,0.352038841,0.253581633,0.346094848,,0.380432926,0.38447458,0.313378592
2001,910,179,0,0,,0.350184811,0.251542787,0.345593536,,0.37705066,0.382674236,0.312442153
2001,911,180,0.581260172,0.346062992,,,,,,,,
2001,912,181,0,0,,,,,,,,
2001,913,182,0,0,,,,,,,,
2001,914,183,0,0,,,,,,,,
2001,915,184,0,0,,0.334140025,0.232394534,0.338812495,,0.355579369,0.368573861,0.305992805
2001,916,185,0,0,,0.331354049,0.228700245,0.332338305,,0.35203912,0.366106382,0.304268039
2001,917,186,0,0,,0.328029354,0.224183048,0.322808086,,0.347835506,0.363109215,0.301547399
2001,918,187,3.984770983,2.758120079,,0.331023686,0.278741619,0.312423482,,0.344581224,0.364199527,0.298526698
2001,919,188,9.356172983,8.560629921,,0.328606506,0.22973259,0.305380942,,0.346098468,0.363701349,0.295401507
2001,920,189,0,0,,0.328637845,0.223536699,0.304901808,,0.3518023,0.364735443,0.29338824
2001,921,190,0,0,,0.328289496,0.218626031,0.299807326,,0.348517241,0.361245281,0.291257114
2001,922,191,6.130016275,4.761085138,,0.327634766,0.216528723,0.293405686,,0.346453401,0.362086206,0.28871702
2001,923,192,0.332504069,0,,0.327415075,0.215100054,0.287364638,,0.348622226,0.364900221,0.286166451
2001,924,193,1.030016275,0.469094488,,0.327060076,0.214390496,0.282077174,,0.348555101,0.359889586,0.283691624
2001,925,194,2.452452918,1.476377953,,0.326603433,0.213760646,0.27707277,,0.345382345,0.358606043,0.281507924
2001,926,195,13.84759358,14.40254675,,0.326257134,0.21326684,0.273764895,,0.34103144,0.358055383,0.279930847
2001,927,196,0,0,,,,,,,,
2001,928,197,0,0,,,,,,,,
2001,929,198,1.976284585,1.261220472,,,,,,,,
2001,930,199,13.87986515,10.71534203,,,,,,,,
2001,931,200,4.750523134,3.863312008,,,,,,,,
2001,932,201,3.976284585,3.769020669,,,,,,,,
2001,933,202,0,0,,,,,,,,
2001,934,203,0,0,,,,,,,,
2001,935,204,2.381353174,2.356126969,,,,,,,,
2001,936,205,0,0,,,,,,,,
2001,937,206,0,0,,,,,,,,
2001,938,207,12.028598,11.29441437,,,,,,,,
2001,939,208,0,0,,,,,,,,
2001,940,209,0,0,,,,,,,,
2001,941,210,0,0,,,,,,,,
2001,942,211,0,0,,,,,,,,
2001,943,212,0,0,,,,,,,,
2001,944,213,0,0,,,,,,,,
2001,945,214,6.940967217,7.590809547,,,,,,,,
2001,946,215,3.427342478,3.437869094,,,,,,,,
2001,947,216,4.676424087,5.660629921,,,,,,,,
2001,948,217,3.694745408,3.84488189,,,,,,,,
2001,949,218,3.920065101,3.198818898,,,,,,,,
2001,950,219,10.89841897,9.975652067,,,,,,,,
2001,951,220,12.17328528,12.23489173,,,,,,,,
2001,952,221,0,0,,0.287892024,0.296825264,0.290753396,,0.322281326,0.33117591,0.218033912
2001,953,222,1.14626831,1.330314961,,0.291105251,0.307281072,0.299771783,,0.323486655,0.329245391,0.217317377
2001,954,223,0,0,,0.292771455,0.287047144,0.304677617,,0.323269573,0.328094816,0.217226473
2001,955,224,0,0,,0.293482957,0.227318702,0.310465528,,0.322614371,0.327658899,0.217211381
2001,956,225,0,0,,0.293667343,0.200437779,0.314152635,,0.321837365,0.327496159,0.217175001
2001,957,226,0,0,,0.29358547,0.184850541,0.317070609,,0.320551229,0.327485458,0.217102024
2001,958,227,0,0,,0.293180244,0.174775938,0.318164606,,0.318880891,0.327533265,0.217002257
2001,959,228,2.673796791,3.161220472,,0.292578272,0.168648957,0.289192814,,0.317410227,0.32765044,0.21695262
2001,960,229,0,0,,0.291944717,0.165374782,0.263763872,,0.31569406,0.327742921,0.216962554
2001,961,230,0,0,,0.291152805,0.162277745,0.241413377,,0.31342331,0.327750791,0.216878447
2001,962,231,3.765984655,2.54777313,,0.290415713,0.159556183,0.227250906,,0.311995851,0.327907169,0.216731183
2001,963,232,0,0,,0.289809399,0.157710484,0.219298445,,0.310595079,0.327801669,0.216598279
2001,964,233,0,0,,0.289356196,0.156356277,0.214572809,,0.309154102,0.327767956,0.216434956
2001,965,234,0,0,,0.288880858,0.154963711,0.21127363,,0.307821731,0.327705248,0.216206089
2001,966,235,0,0,,0.288247327,0.153312726,0.208405459,,0.305933637,0.327612676,0.215896469
2001,967,236,0,0,,0.287495341,0.151285997,0.205595785,,0.303866308,0.32745138,0.215434023
2001,968,237,0,0,,0.28670957,0.148952312,0.202738824,,0.301520658,0.327271217,0.214856494
2001,969,238,0,0,,0.28590786,0.146339144,0.19991776,,0.299229426,0.327007651,0.214047609
2001,970,239,3.703813067,4.306102362,,0.285393663,0.144683146,0.198475844,,0.297523971,0.326833628,0.213508031
2001,971,240,0,0,,,,,,,,
2001,972,241,0,0,,0.283231858,0.140210935,0.192014755,,0.292482355,0.325859204,0.21081007
2001,973,242,0.548756103,0.123031496,,0.282967688,0.138778286,0.191777728,,0.291475432,0.325611218,0.210017587
2001,974,243,5.408253894,4.801956201,,0.282664827,0.196117029,0.190546187,,0.290515126,0.325364772,0.209248341
2001,975,244,0.1,0.1,,0.282895182,0.171135209,0.189586631,,0.290076257,0.325202082,0.208769389
2001,976,245,1.318205069,0.692125984,,0.282905203,0.14600367,0.188748409,,0.290527082,0.32503753,0.208339676
2001,977,246,10.21963497,9.707258858,,0.282852212,0.208292281,0.188021697,,0.289971002,0.325241191,0.208026461
2001,978,247,7.075494071,7.31515748,,0.282655415,0.321874659,0.187584256,,0.289805247,0.344279998,0.207817894
2001,979,248,0,0,,0.283505192,0.287773006,0.187219278,,0.290612315,0.342691615,0.207655011
2001,980,249,17.34042083,16.10223917,,0.283368187,0.310640208,0.260530023,,0.291372568,0.374580864,0.207585181
2001,981,250,0,0,,0.284789973,0.340822616,0.235829633,,0.293580101,0.389264509,0.207585275
2001,982,251,2.757544757,3.552755906,,0.285983934,0.342771823,0.205433917,,0.293869171,0.390594153,0.207504735
2001,983,252,1.19973262,1.671395177,,0.286488462,0.34376088,0.19559514,,0.293635929,0.3912575,0.207432767
2001,984,253,2.411009068,3.029798228,,0.286604583,0.344267265,0.191208789,,0.293565268,0.391696491,0.207365121
2001,985,254,1.497512206,1.069094488,,0.286807044,0.340843142,0.188865357,,0.293571428,0.391325674,0.207263665
2001,986,255,0,0,,0.28714958,0.278776416,0.187395592,,0.293516274,0.372418117,0.207152201
2001,987,256,7.050093002,6.966400098,,0.287978611,0.263959241,0.215522103,,0.293587225,0.358196063,0.207050534
2001,988,257,0,0,,0.29706119,0.325575365,0.321185567,,0.294181721,0.372894979,0.207019333
2001,989,258,4.423448035,4.116350886,,0.298821111,0.324972642,0.30866143,,0.2948426,0.35404549,0.206995322
2001,990,259,3.716438038,4.360359252,,0.315113808,0.323900986,0.302222482,,0.29543359,0.346865442,0.206941791
2001,991,260,7.828458498,7.156631398,,0.371163014,0.333369852,0.299217869,,0.297092799,0.345405412,0.214549119
2001,992,261,16.85699837,14.44382382,,0.370708243,0.350964514,0.298721849,,0.424849286,0.378029264,0.321628024
2001,993,262,24.91525227,23.94793307,,0.365241754,0.349015659,0.29679532,,0.431698358,0.381912628,0.304888639
2001,994,263,0.813764241,0.492125984,,0.36345495,0.348907222,0.296300426,,0.450494839,0.387553508,0.331266672
2001,995,264,0.992036736,0.819808071,,0.361240932,0.348830201,0.301323385,,0.450101438,0.387257639,0.331877068
2001,996,265,0,0,,0.359746549,0.347474703,0.301090787,,0.444015707,0.387582413,0.332435256
2001,997,266,0.2756917,0,,0.356681794,0.346906601,0.301080522,,0.429095735,0.387475796,0.33266849
2001,998,267,1.286561265,0,,0.356411074,0.347027564,0.300725455,,0.417671338,0.3873995,0.333044336
2001,999,268,0.091897233,0,,0.356265675,0.347816237,0.299891058,,0.40778898,0.387534019,0.333359811
2001,1000,269,5.789525692,4.018184055,,0.348729302,0.349557697,0.298294314,,0.419023615,0.388297432,0.333462757
2001,1001,270,0,0,,0.353008436,0.348464554,0.303600505,,0.444468798,0.387987951,0.333513552
2001,1002,271,0,0,,0.352567632,0.347956876,0.297661942,,0.431720904,0.387524662,0.333501005
2001,1003,272,2.848814229,1.39355315,,0.34890361,0.347941348,0.295932691,,0.425720885,0.387055232,0.333237171
2001,1004,273,1.102766798,0.492125984,,0.348645012,0.348317199,0.297335569,,0.447824719,0.386921553,0.333600141
2001,1005,274,9.097826087,7.718651575,,0.350729674,0.386329514,0.297689946,,0.447051172,0.386329514,0.33353047
2001,1006,275,4.59486166,1.558341535,,0.351174011,0.385814012,0.297279123,,0.445571378,0.385814012,0.333339509
2001,1007,276,2.481225296,1.401771654,,0.351512791,0.385199422,0.29678009,,0.445651743,0.385199422,0.333413276
2001,1008,277,0,0,,0.350114422,0.384591399,0.29580862,,0.44549729,0.384591399,0.333350993
2001,1009,278,0,0,,0.349554677,0.384234496,0.294937436,,0.439556024,0.384234496,0.332837183
2001,1010,279,9.833003953,8.770103346,,0.348324021,0.384380414,0.294980272,,0.433497513,0.384380414,0.33239105
2001,1011,280,0.091897233,0.081963583,,0.349377149,0.384362865,0.294347984,,0.435289232,0.384362865,0.33203806
2001,1012,281,3.124505929,2.786761811,,0.349861986,0.384611736,0.294194483,,0.443697979,0.384611736,0.332012235
2001,1013,282,0.091897233,0.081963583,,0.350863503,0.384938565,0.294045865,,0.430112348,0.384938565,0.332245337
2001,1014,283,0,0,,0.350676773,0.385034034,0.294265724,,0.423634311,0.385034034,0.332581676
2001,1015,284,0.183794466,0.163927165,,0.346084297,0.392352858,0.342323157,,0.419800116,0.392352858,0.37799076
2001,1016,285,0,0,,0.343292338,0.398882897,0.384769811,,0.417815489,0.398882897,0.416830986
2001,1017,286,0,0,,0.339821102,0.398582131,0.385427939,,0.414390228,0.398582131,0.417477699
2001,1018,287,0,0,,0.338601771,0.398199584,0.386091551,,0.412397925,0.398199584,0.417685711
2001,1019,288,0,0,,0.337488621,0.397929903,0.386651075,,0.410671886,0.397929903,0.417706113
2001,1020,289,0,0,,0.336438042,0.398176992,0.387478134,,0.408568359,0.398176992,0.41810266
2001,1021,290,0,0,,,,,,,,
2001,1022,291,0,0,,,,,,,,
2001,1023,292,0.091897233,0.081963583,,,,,,,,
2001,1024,293,1.746047431,1.557308071,,,,,,,,
2001,1025,294,3.400197628,3.032652559,,,,,,,,
2001,1026,295,0,0,,,,,,,,
2001,1027,296,5.238142292,4.671924213,,,,,,,,
2001,1028,297,1.194664032,1.065526575,,,,,,,,
2001,1029,298,0.367588933,0.327854331,,0.368031931,0.390923362,0.296646375,,0.449043585,0.390923362,0.330661018
2001,1030,299,0,0,,0.363720875,0.391371347,0.293042457,,0.438248274,0.391371347,0.33084114
2001,1031,300,6.89229249,6.147268701,,0.36246903,0.391475084,0.291801223,,0.435199308,0.391475084,0.330847965
2001,1032,301,0.091897233,0.081963583,,,,,,,,
2001,1033,302,0,0,,,,,,,,
2001,1034,303,0,0,,0.355249746,0.392693773,0.29511787,,0.440303528,0.392693773,0.332093502
2001,1035,304,1.102766798,0.983562992,,0.353679105,0.392721957,0.294985687,,0.43353555,0.392721957,0.332053335
2001,1036,305,0.089382632,0.085883718,,0.354559697,0.393459311,0.296183417,,0.426552546,0.393459311,0.332645565
2001,1037,306,0.089382632,0.085883718,,0.355411803,0.393893185,0.296512854,,0.420600046,0.393893185,0.332718451
2001,1038,307,0.089382632,0.085883718,,0.349229781,0.393922669,0.295833164,,0.414473716,0.393922669,0.332393391
2001,1039,308,0.178765265,0.171767436,,0.344332623,0.393837054,0.295307774,,0.413059909,0.393837054,0.332020947
2001,1040,309,0,0,,0.34157724,0.394033269,0.295398456,,0.411527125,0.394033269,0.332046925
2001,1041,310,2.770861601,2.662395256,,0.340633864,0.393966868,0.294676135,,0.410964584,0.393966868,0.331712887
2001,1042,311,7.41875848,7.128348588,,0.34654873,0.393932535,0.294367565,,0.427089835,0.393932535,0.331490302
2001,1043,312,26.18911126,25.16392935,,0.356191861,0.394016732,0.296494418,,0.453928404,0.394016732,0.332401666
2001,1044,313,4.558514247,4.380069615,,0.356556593,0.394753713,0.297769762,,0.455676371,0.394753713,0.333208819
2001,1045,314,0.178765265,0.171767436,,0.356457632,0.395783824,0.298421794,,0.45686766,0.395783824,0.33361209
2001,1046,315,0,0,,0.356278306,0.396331471,0.297889098,,0.457580311,0.396331471,0.333417069
2001,1047,316,3.843453189,3.692999871,,0.356929628,0.396440328,0.296458384,,0.457622287,0.396440328,0.333118954
2001,1048,317,3.575305292,3.435348717,,0.353808069,0.396750293,0.295583106,,0.45763135,0.396750293,0.333499492
2001,1049,318,0.178765265,0.171767436,,0.353622595,0.397251023,0.296073651,,0.457782628,0.397251023,0.333995691
2001,1050,319,0.268147897,0.257651154,,0.354739481,0.397893473,0.296925042,,0.458498555,0.397893473,0.334314475
2001,1051,320,0,0,,0.355483663,0.398268866,0.297171286,,0.459276001,0.398268866,0.334372928
2001,1052,321,0,0,,0.355481176,0.398495345,0.296909729,,0.459136511,0.398495345,0.334188785
2001,1053,322,0,0,,0.35500547,0.398439388,0.296370588,,0.448267447,0.398439388,0.33385265
2001,1054,323,0,0,,0.355406889,0.398619749,0.296762562,,0.445207094,0.398619749,0.33393398
2001,1055,324,0,0,,0.355277377,0.399085989,0.297390284,,0.444955177,0.399085989,0.334296185
2001,1056,325,0,0,,0.35460919,0.399276523,0.297253912,,0.443728479,0.399276523,0.334359917
2001,1057,326,11.26221167,10.82134846,,0.354293417,0.39911549,0.296931808,,0.454258977,0.39911549,0.334174231
2001,1058,327,1.430122117,1.374139487,,0.354598607,0.3994269,0.297887459,,0.461751692,0.3994269,0.334772813
2001,1059,328,5.005427408,4.809488204,,0.354490812,0.399602731,0.297940816,,0.462195153,0.399602731,0.334822609
2001,1060,329,2.32394844,2.232976666,,0.353499936,0.399623441,0.2971696,,0.462311417,0.399623441,0.334747105
2001,1061,330,14.3906038,13.82727859,,0.352735602,0.399544944,0.296371372,,0.462148181,0.399544944,0.33480492
2001,1062,331,1.072591588,1.030604615,,0.352548363,0.399465064,0.296170551,,0.462304427,0.399465064,0.334655143
2001,1063,332,3.396540027,3.263581281,,0.352472082,0.399260098,0.296512257,,0.462890241,0.399260098,0.334782097
2001,1064,333,14.6587517,14.08492974,,0.351911112,0.398493443,0.297365473,,0.463299831,0.398493443,0.334920463
2001,1065,334,11.70912483,11.25076705,,0.351354323,0.396354793,0.297277437,,0.463257039,0.396354793,0.335047389
2001,1066,335,3.843453189,3.692999871,,0.35061404,0.395748376,0.296664243,,0.462630838,0.395748376,0.335138973
2001,1067,336,0.268147897,0.257651154,,0.35081845,0.395958023,0.296812931,,0.462159463,0.395958023,0.335215293
2001,1068,337,0.715061058,0.687069743,,0.350973643,0.395731865,0.296347116,,0.461779422,0.395731865,0.334947784
2001,1069,338,5.631105834,5.41067423,,0.351273819,0.395544799,0.296161769,,0.461738498,0.395544799,0.33471932
2001,1070,339,4.469131615,4.294185897,,0.351261949,0.395838676,0.296530295,,0.462070654,0.395838676,0.334901021
2001,1071,340,0,0,,0.352152158,0.39588985,0.297807605,,0.462480774,0.39588985,0.33528356
2001,1072,341,0.268147897,0.257651154,,0.353476672,0.394982216,0.299353153,,0.462813679,0.394982216,0.335439315
2001,1073,342,0.089382632,0.085883718,,0.353777532,0.395027699,0.300089462,,0.463536988,0.395027699,0.335426249
2001,1074,343,0.268147897,0.257651154,,0.35410607,0.395303345,0.300610316,,0.464372611,0.395303345,0.335429651
2001,1075,344,0,0,,0.354698974,0.395683976,0.301041201,,0.464942925,0.395683976,0.335453228
2001,1076,345,0,0,,0.355006746,0.396044361,0.301111567,,0.453875672,0.396044361,0.335399861
2001,1077,346,0.089382632,0.085883718,,,,,,,,
2001,1078,347,0,0,,,,,,,,
2001,1079,348,0,0,,,,,,,,
2001,1080,349,0,0,,,,,,,,
2001,1081,350,0,0,,,,,,,,
2001,1082,351,0.089382632,0.085883718,,,,,,,,
2001,1083,352,0,0,,,,,,,,
2001,1084,353,0.357530529,0.343534872,,,,,,,,
2001,1085,354,0.625678426,0.601186026,,,,,,,,
2001,1086,355,7.597523745,7.300116024,,,,,,,,
2001,1087,356,5.45234057,5.238906794,,,,,,,,
2001,1088,357,0.089382632,0.085883718,,,,,,,,
2001,1089,358,7.329375848,7.04246487,,,,,,,,
2001,1090,359,14.56936906,13.99904602,,,,,,,,
2001,1091,360,1.430122117,1.374139487,,,,,,,,
2001,1092,361,4.916044776,4.723604486,,,,,,,,
2001,1093,362,5.988636364,5.754209101,,,,,,,,
2001,1094,363,0.178765265,0.171767436,,,,,,,,
2001,1095,364,0.089382632,0.085883718,,,,,,,,
2001,1096,365,0,0,,,,,,,,
